0.100000	0.795278
0.100900	0.797069
0.101800	0.798868
0.102700	0.800675
0.103600	0.802491
0.104500	0.804315
0.105400	0.806147
0.106300	0.807987
0.107200	0.809836
0.108100	0.811694
0.109000	0.813560
0.109900	0.815434
0.110800	0.817317
0.111700	0.819209
0.112600	0.821110
0.113500	0.823019
0.114400	0.824938
0.115300	0.826865
0.116200	0.828801
0.117100	0.830747
0.118000	0.832701
0.118900	0.834665
0.119800	0.836638
0.120700	0.838621
0.121600	0.840612
0.122500	0.842614
0.123400	0.844625
0.124300	0.846645
0.125200	0.848675
0.126100	0.850715
0.127000	0.852765
0.127900	0.854824
0.128800	0.856894
0.129700	0.858974
0.130600	0.861063
0.131500	0.863163
0.132400	0.865273
0.133300	0.867394
0.134200	0.869525
0.135100	0.871666
0.136000	0.873818
0.136900	0.875981
0.137800	0.878154
0.138700	0.880338
0.139600	0.882533
0.140500	0.884739
0.141400	0.886956
0.142300	0.889185
0.143200	0.891424
0.144100	0.893675
0.145000	0.895937
0.145900	0.898210
0.146800	0.900495
0.147700	0.902792
0.148600	0.905101
0.149500	0.907421
0.150400	0.909753
0.151300	0.912097
0.152200	0.914454
0.153100	0.916822
0.154000	0.919203
0.154900	0.921596
0.155800	0.924002
0.156700	0.926420
0.157600	0.928851
0.158500	0.931295
0.159400	0.933751
0.160300	0.936221
0.161200	0.938704
0.162100	0.941200
0.163000	0.943709
0.163900	0.946231
0.164800	0.948767
0.165700	0.951317
0.166600	0.953881
0.167500	0.956458
0.168400	0.959049
0.169300	0.961654
0.170200	0.964274
0.171100	0.966908
0.172000	0.969556
0.172900	0.972218
0.173800	0.974896
0.174700	0.977588
0.175600	0.980295
0.176500	0.983017
0.177400	0.985754
0.178300	0.988507
0.179200	0.991275
0.180100	0.994058
0.181000	0.996857
0.181900	0.999672
0.182800	1.002503
0.183700	1.005349
0.184600	1.008213
0.185500	1.011092
0.186400	1.013988
0.187300	1.016900
0.188200	1.019829
0.189100	1.022776
0.190000	1.025739
0.190900	1.028719
0.191800	1.031717
0.192700	1.034732
0.193600	1.037765
0.194500	1.040816
0.195400	1.043884
0.196300	1.046971
0.197200	1.050076
0.198100	1.053200
0.199000	1.056342
0.199900	1.059503
0.200800	1.062683
0.201700	1.065882
0.202600	1.069100
0.203500	1.072338
0.204400	1.075595
0.205300	1.078873
0.206200	1.082170
0.207100	1.085487
0.208000	1.088825
0.208900	1.092184
0.209800	1.095563
0.210700	1.098963
0.211600	1.102384
0.212500	1.105827
0.213400	1.109291
0.214300	1.112777
0.215200	1.116285
0.216100	1.119815
0.217000	1.123367
0.217900	1.126942
0.218800	1.130540
0.219700	1.134161
0.220600	1.137805
0.221500	1.141472
0.222400	1.145163
0.223300	1.148878
0.224200	1.152618
0.225100	1.156381
0.226000	1.160170
0.226900	1.163983
0.227800	1.167821
0.228700	1.171685
0.229600	1.175574
0.230500	1.179489
0.231400	1.183430
0.232300	1.187398
0.233200	1.191392
0.234100	1.195413
0.235000	1.199461
0.235900	1.203537
0.236800	1.207641
0.237700	1.211772
0.238600	1.215932
0.239500	1.220121
0.240400	1.224338
0.241300	1.228585
0.242200	1.232861
0.243100	1.237167
0.244000	1.241504
0.244900	1.245870
0.245800	1.250268
0.246700	1.254696
0.247600	1.259156
0.248500	1.263648
0.249400	1.268172
0.250300	1.272728
0.251200	1.277317
0.252100	1.281939
0.253000	1.286595
0.253900	1.291285
0.254800	1.296009
0.255700	1.300767
0.256600	1.305561
0.257500	1.310390
0.258400	1.315255
0.259300	1.320155
0.260200	1.325093
0.261100	1.330068
0.262000	1.335080
0.262900	1.340129
0.263800	1.345217
0.264700	1.350344
0.265600	1.355510
0.266500	1.360716
0.267400	1.365961
0.268300	1.371248
0.269200	1.376575
0.270100	1.381943
0.271000	1.387354
0.271900	1.392807
0.272800	1.398303
0.273700	1.403842
0.274600	1.409426
0.275500	1.415054
0.276400	1.420727
0.277300	1.426445
0.278200	1.432210
0.279100	1.438021
0.280000	1.443880
0.280900	1.449786
0.281800	1.455741
0.282700	1.461745
0.283600	1.467799
0.284500	1.473902
0.285400	1.480057
0.286300	1.486263
0.287200	1.492521
0.288100	1.498832
0.289000	1.505197
0.289900	1.511615
0.290800	1.518089
0.291700	1.524618
0.292600	1.531203
0.293500	1.537846
0.294400	1.544546
0.295300	1.551305
0.296200	1.558122
0.297100	1.565000
0.298000	1.571939
0.298900	1.578940
0.299800	1.586002
0.300700	1.593129
0.301600	1.600319
0.302500	1.607574
0.303400	1.614896
0.304300	1.622284
0.305200	1.629740
0.306100	1.637264
0.307000	1.644858
0.307900	1.652523
0.308800	1.660259
0.309700	1.668068
0.310600	1.675950
0.311500	1.683908
0.312400	1.691940
0.313300	1.700050
0.314200	1.708237
0.315100	1.716504
0.316000	1.724850
0.316900	1.733278
0.317800	1.741789
0.318700	1.750383
0.319600	1.759062
0.320500	1.767827
0.321400	1.776680
0.322300	1.785622
0.323200	1.794654
0.324100	1.803777
0.325000	1.812994
0.325900	1.822304
0.326800	1.831711
0.327700	1.841215
0.328600	1.850817
0.329500	1.860520
0.330400	1.870325
0.331300	1.880233
0.332200	1.890247
0.333100	1.900367
0.334000	1.910596
0.334900	1.920935
0.335800	1.931386
0.336700	1.941952
0.337600	1.952633
0.338500	1.963431
0.339400	1.974349
0.340300	1.985389
0.341200	1.996553
0.342100	2.007842
0.343000	2.019259
0.343900	2.030807
0.344800	2.042486
0.345700	2.054300
0.346600	2.066251
0.347500	2.078341
0.348400	2.090573
0.349300	2.102949
0.350200	2.115472
0.351100	2.128144
0.352000	2.140968
0.352900	2.153947
0.353800	2.167084
0.354700	2.180380
0.355600	2.193841
0.356500	2.207467
0.357400	2.221264
0.358300	2.235233
0.359200	2.249377
0.360100	2.263701
0.361000	2.278208
0.361900	2.292901
0.362800	2.307783
0.363700	2.322859
0.364600	2.338132
0.365500	2.353606
0.366400	2.369285
0.367300	2.385173
0.368200	2.401274
0.369100	2.417593
0.370000	2.434134
0.370900	2.450902
0.371800	2.467901
0.372700	2.485135
0.373600	2.502611
0.374500	2.520332
0.375400	2.538304
0.376300	2.556533
0.377200	2.575024
0.378100	2.593783
0.379000	2.612814
0.379900	2.632126
0.380800	2.651722
0.381700	2.671611
0.382600	2.691798
0.383500	2.712290
0.384400	2.733094
0.385300	2.754217
0.386200	2.775666
0.387100	2.797450
0.388000	2.819575
0.388900	2.842050
0.389800	2.864884
0.390700	2.888084
0.391600	2.911659
0.392500	2.935619
0.393400	2.959974
0.394300	2.984731
0.395200	3.009903
0.396100	3.035499
0.397000	3.061529
0.397900	3.088006
0.398800	3.114940
0.399700	3.142342
0.400600	3.170227
0.401500	3.198605
0.402400	3.227490
0.403300	3.256896
0.404200	3.286837
0.405100	3.317326
0.406000	3.348381
0.406900	3.380015
0.407800	3.412245
0.408700	3.445088
0.409600	3.478561
0.410500	3.512683
0.411400	3.547471
0.412300	3.582947
0.413200	3.619129
0.414100	3.656039
0.415000	3.693698
0.415900	3.732130
0.416800	3.771358
0.417700	3.811407
0.418600	3.852301
0.419500	3.894069
0.420400	3.936737
0.421300	3.980334
0.422200	4.024891
0.423100	4.070439
0.424000	4.117010
0.424900	4.164640
0.425800	4.213363
0.426700	4.263216
0.427600	4.314240
0.428500	4.366475
0.429400	4.419962
0.430300	4.474747
0.431200	4.530877
0.432100	4.588399
0.433000	4.647366
0.433900	4.707831
0.434800	4.769849
0.435700	4.833481
0.436600	4.898787
0.437500	4.965833
0.438400	5.034687
0.439300	5.105420
0.440200	5.178108
0.441100	5.252830
0.442000	5.329669
0.442900	5.408713
0.443800	5.490055
0.444700	5.573792
0.445600	5.660026
0.446500	5.748866
0.447400	5.840426
0.448300	5.934827
0.449200	6.032195
0.450100	6.132665
0.451000	6.236379
0.451900	6.343488
0.452800	6.454149
0.453700	6.568531
0.454600	6.686811
0.455500	6.809177
0.456400	6.935826
0.457300	7.066970
0.458200	7.202829
0.459100	7.343638
0.460000	7.489644
0.460900	7.641110
0.461800	7.798310
0.462700	7.961536
0.463600	8.131091
0.464500	8.307297
0.465400	8.490488
0.466300	8.681015
0.467200	8.879239
0.468100	9.085536
0.469000	9.300289
0.469900	9.523889
0.470800	9.756727
0.471700	9.999189
0.472600	10.251647
0.473500	10.514443
0.474400	10.787880
0.475300	11.072194
0.476200	11.367528
0.477100	11.673894
0.478000	11.991126
0.478900	12.318810
0.479800	12.656208
0.480700	13.002139
0.481600	13.354847
0.482500	13.711810
0.483400	14.069507
0.484300	14.423115
0.485200	14.766131
0.486100	15.089893
0.487000	15.383006
0.487900	15.630655
0.488800	15.813834
0.489700	15.908544
0.490600	15.885076
0.491500	15.707600
0.492400	15.334401
0.493300	14.719278
0.494200	13.814706
0.495100	12.577360
0.496000	10.976203
0.496900	9.002469
0.497800	6.679528
0.498700	4.069258
0.499600	1.271206
0.500500	-1.587580
0.501400	-4.370673
0.502300	-6.953298
0.503200	-9.239764
0.504100	-11.172593
0.505000	-12.732395
0.505900	-13.930927
0.506800	-14.801061
0.507700	-15.386943
0.508600	-15.736175
0.509500	-15.894580
0.510400	-15.903261
0.511300	-15.797364
0.512200	-15.605934
0.513100	-15.352378
0.514000	-15.055197
0.514900	-14.728789
0.515800	-14.384213
0.516700	-14.029864
0.517600	-13.672037
0.518500	-13.315394
0.519400	-12.963330
0.520300	-12.618272
0.521200	-12.281904
0.522100	-11.955352
0.523000	-11.639312
0.523900	-11.334167
0.524800	-11.040061
0.525700	-10.756965
0.526600	-10.484723
0.527500	-10.223091
0.528400	-9.971762
0.529300	-9.730388
0.530200	-9.498595
0.531100	-9.275998
0.532000	-9.062203
0.532900	-8.856822
0.533800	-8.659472
0.534700	-8.469778
0.535600	-8.287380
0.536500	-8.111929
0.537400	-7.943093
0.538300	-7.780552
0.539200	-7.624003
0.540100	-7.473157
0.541000	-7.327740
0.541900	-7.187493
0.542800	-7.052170
0.543700	-6.921536
0.544600	-6.795373
0.545500	-6.673471
0.546400	-6.555633
0.547300	-6.441673
0.548200	-6.331414
0.549100	-6.224691
0.550000	-6.121344
0.550900	-6.021225
0.551800	-5.924193
0.552700	-5.830115
0.553600	-5.738863
0.554500	-5.650318
0.555400	-5.564366
0.556300	-5.480901
0.557200	-5.399819
0.558100	-5.321024
0.559000	-5.244424
0.559900	-5.169932
0.560800	-5.097465
0.561700	-5.026945
0.562600	-4.958295
0.563500	-4.891446
0.564400	-4.826329
0.565300	-4.762880
0.566200	-4.701037
0.567100	-4.640741
0.568000	-4.581937
0.568900	-4.524572
0.569800	-4.468594
0.570700	-4.413956
0.571600	-4.360610
0.572500	-4.308512
0.573400	-4.257620
0.574300	-4.207894
0.575200	-4.159294
0.576100	-4.111784
0.577000	-4.065328
0.577900	-4.019892
0.578800	-3.975443
0.579700	-3.931950
0.580600	-3.889384
0.581500	-3.847715
0.582400	-3.806916
0.583300	-3.766959
0.584200	-3.727821
0.585100	-3.689476
0.586000	-3.651901
0.586900	-3.615073
0.587800	-3.578971
0.588700	-3.543572
0.589600	-3.508859
0.590500	-3.474810
0.591400	-3.441408
0.592300	-3.408634
0.593200	-3.376471
0.594100	-3.344902
0.595000	-3.313911
0.595900	-3.283483
0.596800	-3.253603
0.597700	-3.224255
0.598600	-3.195427
0.599500	-3.167104
0.600400	-3.139274
0.601300	-3.111924
0.602200	-3.085042
0.603100	-3.058615
0.604000	-3.032634
0.604900	-3.007085
0.605800	-2.981960
0.606700	-2.957248
0.607600	-2.932938
0.608500	-2.909021
0.609400	-2.885487
0.610300	-2.862329
0.611200	-2.839535
0.612100	-2.817100
0.613000	-2.795013
0.613900	-2.773267
0.614800	-2.751854
0.615700	-2.730766
0.616600	-2.709997
0.617500	-2.689540
0.618400	-2.669386
0.619300	-2.649531
0.620200	-2.629966
0.621100	-2.610686
0.622000	-2.591685
0.622900	-2.572956
0.623800	-2.554495
0.624700	-2.536295
0.625600	-2.518351
0.626500	-2.500657
0.627400	-2.483208
0.628300	-2.466000
0.629200	-2.449028
0.630100	-2.432285
0.631000	-2.415769
0.631900	-2.399475
0.632800	-2.383397
0.633700	-2.367533
0.634600	-2.351877
0.635500	-2.336425
0.636400	-2.321174
0.637300	-2.306120
0.638200	-2.291259
0.639100	-2.276587
0.640000	-2.262101
0.640900	-2.247797
0.641800	-2.233672
0.642700	-2.219722
0.643600	-2.205945
0.644500	-2.192337
0.645400	-2.178895
0.646300	-2.165616
0.647200	-2.152497
0.648100	-2.139536
0.649000	-2.126729
0.649900	-2.114073
0.650800	-2.101567
0.651700	-2.089207
0.652600	-2.076991
0.653500	-2.064916
0.654400	-2.052981
0.655300	-2.041182
0.656200	-2.029517
0.657100	-2.017984
0.658000	-2.006582
0.658900	-1.995306
0.659800	-1.984157
0.660700	-1.973130
0.661600	-1.962225
0.662500	-1.951440
0.663400	-1.940772
0.664300	-1.930220
0.665200	-1.919781
0.666100	-1.909454
0.667000	-1.899237
0.667900	-1.889129
0.668800	-1.879127
0.669700	-1.869230
0.670600	-1.859437
0.671500	-1.849745
0.672400	-1.840154
0.673300	-1.830661
0.674200	-1.821265
0.675100	-1.811965
0.676000	-1.802759
0.676900	-1.793646
0.677800	-1.784624
0.678700	-1.775692
0.679600	-1.766849
0.680500	-1.758093
0.681400	-1.749424
0.682300	-1.740839
0.683200	-1.732338
0.684100	-1.723919
0.685000	-1.715581
0.685900	-1.707324
0.686800	-1.699145
0.687700	-1.691044
0.688600	-1.683020
0.689500	-1.675071
0.690400	-1.667197
0.691300	-1.659396
0.692200	-1.651668
0.693100	-1.644011
0.694000	-1.636425
0.694900	-1.628908
0.695800	-1.621459
0.696700	-1.614079
0.697600	-1.606765
0.698500	-1.599517
0.699400	-1.592334
0.700300	-1.585215
0.701200	-1.578159
0.702100	-1.571165
0.703000	-1.564233
0.703900	-1.557362
0.704800	-1.550551
0.705700	-1.543799
0.706600	-1.537105
0.707500	-1.530469
0.708400	-1.523890
0.709300	-1.517367
0.710200	-1.510900
0.711100	-1.504487
0.712000	-1.498128
0.712900	-1.491823
0.713800	-1.485571
0.714700	-1.479370
0.715600	-1.473222
0.716500	-1.467123
0.717400	-1.461076
0.718300	-1.455077
0.719200	-1.449128
0.720100	-1.443227
0.721000	-1.437373
0.721900	-1.431567
0.722800	-1.425808
0.723700	-1.420094
0.724600	-1.414426
0.725500	-1.408803
0.726400	-1.403225
0.727300	-1.397690
0.728200	-1.392199
0.729100	-1.386751
0.730000	-1.381345
0.730900	-1.375981
0.731800	-1.370658
0.732700	-1.365377
0.733600	-1.360135
0.734500	-1.354934
0.735400	-1.349773
0.736300	-1.344650
0.737200	-1.339566
0.738100	-1.334521
0.739000	-1.329513
0.739900	-1.324543
0.740800	-1.319609
0.741700	-1.314712
0.742600	-1.309851
0.743500	-1.305026
0.744400	-1.300237
0.745300	-1.295482
0.746200	-1.290762
0.747100	-1.286076
0.748000	-1.281424
0.748900	-1.276806
0.749800	-1.272220
0.750700	-1.267667
0.751600	-1.263147
0.752500	-1.258659
0.753400	-1.254203
0.754300	-1.249778
0.755200	-1.245384
0.756100	-1.241020
0.757000	-1.236687
0.757900	-1.232385
0.758800	-1.228112
0.759700	-1.223868
0.760600	-1.219654
0.761500	-1.215469
0.762400	-1.211312
0.763300	-1.207183
0.764200	-1.203083
0.765100	-1.199010
0.766000	-1.194965
0.766900	-1.190947
0.767800	-1.186955
0.768700	-1.182991
0.769600	-1.179052
0.770500	-1.175140
0.771400	-1.171254
0.772300	-1.167393
0.773200	-1.163558
0.774100	-1.159747
0.775000	-1.155962
0.775900	-1.152201
0.776800	-1.148465
0.777700	-1.144752
0.778600	-1.141064
0.779500	-1.137399
0.780400	-1.133757
0.781300	-1.130139
0.782200	-1.126544
0.783100	-1.122971
0.784000	-1.119422
0.784900	-1.115894
0.785800	-1.112389
0.786700	-1.108905
0.787600	-1.105443
0.788500	-1.102003
0.789400	-1.098584
0.790300	-1.095186
0.791200	-1.091810
0.792100	-1.088453
0.793000	-1.085118
0.793900	-1.081803
0.794800	-1.078508
0.795700	-1.075233
0.796600	-1.071977
0.797500	-1.068742
0.798400	-1.065525
0.799300	-1.062329
0.800200	-1.059151
0.801100	-1.055992
0.802000	-1.052852
0.802900	-1.049730
0.803800	-1.046627
0.804700	-1.043543
0.805600	-1.040476
0.806500	-1.037427
0.807400	-1.034396
0.808300	-1.031383
0.809200	-1.028387
0.810100	-1.025409
0.811000	-1.022447
0.811900	-1.019503
0.812800	-1.016576
0.813700	-1.013665
0.814600	-1.010771
0.815500	-1.007894
0.816400	-1.005032
0.817300	-1.002187
0.818200	-0.999358
0.819100	-0.996545
0.820000	-0.993748
0.820900	-0.990966
0.821800	-0.988200
0.822700	-0.985449
0.823600	-0.982714
0.824500	-0.979993
0.825400	-0.977288
0.826300	-0.974598
0.827200	-0.971922
0.828100	-0.969261
0.829000	-0.966614
0.829900	-0.963982
0.830800	-0.961364
0.831700	-0.958760
0.832600	-0.956171
0.833500	-0.953595
0.834400	-0.951033
0.835300	-0.948485
0.836200	-0.945950
0.837100	-0.943429
0.838000	-0.940922
0.838900	-0.938427
0.839800	-0.935946
0.840700	-0.933478
0.841600	-0.931023
0.842500	-0.928580
0.843400	-0.926151
0.844300	-0.923734
0.845200	-0.921330
0.846100	-0.918938
0.847000	-0.916558
0.847900	-0.914191
0.848800	-0.911836
0.849700	-0.909493
0.850600	-0.907162
0.851500	-0.904843
0.852400	-0.902536
0.853300	-0.900241
0.854200	-0.897957
0.855100	-0.895685
0.856000	-0.893424
0.856900	-0.891175
0.857800	-0.888936
0.858700	-0.886709
0.859600	-0.884494
0.860500	-0.882289
0.861400	-0.880095
0.862300	-0.877912
0.863200	-0.875740
0.864100	-0.873579
0.865000	-0.871428
0.865900	-0.869288
0.866800	-0.867158
0.867700	-0.865038
0.868600	-0.862929
0.869500	-0.860831
0.870400	-0.858742
0.871300	-0.856664
0.872200	-0.854595
0.873100	-0.852537
0.874000	-0.850488
0.874900	-0.848449
0.875800	-0.846420
0.876700	-0.844401
0.877600	-0.842391
0.878500	-0.840391
0.879400	-0.838400
0.880300	-0.836418
0.881200	-0.834446
0.882100	-0.832484
0.883000	-0.830530
0.883900	-0.828586
0.884800	-0.826650
0.885700	-0.824724
0.886600	-0.822807
0.887500	-0.820898
0.888400	-0.818999
0.889300	-0.817108
0.890200	-0.815225
0.891100	-0.813352
0.892000	-0.811487
0.892900	-0.809630
0.893800	-0.807783
0.894700	-0.805943
0.895600	-0.804112
0.896500	-0.802289
0.897400	-0.800474
0.898300	-0.798668
0.899200	-0.796869
0.900100	-0.795079
0.901000	-0.793297
0.901900	-0.791523
0.902800	-0.789756
0.903700	-0.787998
0.904600	-0.786247
0.905500	-0.784504
0.906400	-0.782769
0.907300	-0.781041
0.908200	-0.779321
0.909100	-0.777609
0.910000	-0.775904
0.910900	-0.774207
0.911800	-0.772516
0.912700	-0.770834
0.913600	-0.769158
0.914500	-0.767490
0.915400	-0.765829
0.916300	-0.764176
0.917200	-0.762529
0.918100	-0.760889
0.919000	-0.759257
0.919900	-0.757631
0.920800	-0.756013
0.921700	-0.754401
0.922600	-0.752796
0.923500	-0.751198
0.924400	-0.749607
0.925300	-0.748023
0.926200	-0.746445
0.927100	-0.744874
0.928000	-0.743309
0.928900	-0.741751
0.929800	-0.740199
0.930700	-0.738654
0.931600	-0.737116
0.932500	-0.735583
0.933400	-0.734057
0.934300	-0.732538
0.935200	-0.731025
0.936100	-0.729518
0.937000	-0.728017
0.937900	-0.726522
0.938800	-0.725033
0.939700	-0.723551
0.940600	-0.722074
0.941500	-0.720604
0.942400	-0.719140
0.943300	-0.717681
0.944200	-0.716228
0.945100	-0.714782
0.946000	-0.713341
0.946900	-0.711906
0.947800	-0.710476
0.948700	-0.709053
0.949600	-0.707635
0.950500	-0.706222
0.951400	-0.704816
0.952300	-0.703414
0.953200	-0.702019
0.954100	-0.700629
0.955000	-0.699244
0.955900	-0.697865
0.956800	-0.696492
0.957700	-0.695123
0.958600	-0.693761
0.959500	-0.692403
0.960400	-0.691051
0.961300	-0.689704
0.962200	-0.688362
0.963100	-0.687026
0.964000	-0.685694
0.964900	-0.684368
0.965800	-0.683047
0.966700	-0.681731
0.967600	-0.680420
0.968500	-0.679114
0.969400	-0.677813
0.970300	-0.676517
0.971200	-0.675226
0.972100	-0.673940
0.973000	-0.672659
0.973900	-0.671383
0.974800	-0.670111
0.975700	-0.668844
0.976600	-0.667582
0.977500	-0.666325
0.978400	-0.665073
0.979300	-0.663825
0.980200	-0.662582
0.981100	-0.661344
0.982000	-0.660110
0.982900	-0.658881
0.983800	-0.657656
0.984700	-0.656436
0.985600	-0.655220
0.986500	-0.654009
0.987400	-0.652803
0.988300	-0.651600
0.989200	-0.650403
0.990100	-0.649209
0.991000	-0.648020
0.991900	-0.646836
0.992800	-0.645655
0.993700	-0.644479
0.994600	-0.643307
0.995500	-0.642140
0.996400	-0.640977
0.997300	-0.639817
0.998200	-0.638663
0.999100	-0.637512
