0.100000	0.019882
0.100900	0.019972
0.101800	0.020062
0.102700	0.020153
0.103600	0.020244
0.104500	0.020337
0.105400	0.020429
0.106300	0.020523
0.107200	0.020617
0.108100	0.020712
0.109000	0.020807
0.109900	0.020903
0.110800	0.021000
0.111700	0.021097
0.112600	0.021195
0.113500	0.021294
0.114400	0.021394
0.115300	0.021494
0.116200	0.021595
0.117100	0.021696
0.118000	0.021798
0.118900	0.021901
0.119800	0.022005
0.120700	0.022110
0.121600	0.022215
0.122500	0.022321
0.123400	0.022428
0.124300	0.022535
0.125200	0.022643
0.126100	0.022752
0.127000	0.022862
0.127900	0.022973
0.128800	0.023084
0.129700	0.023197
0.130600	0.023310
0.131500	0.023424
0.132400	0.023538
0.133300	0.023654
0.134200	0.023770
0.135100	0.023888
0.136000	0.024006
0.136900	0.024125
0.137800	0.024245
0.138700	0.024366
0.139600	0.024488
0.140500	0.024610
0.141400	0.024734
0.142300	0.024858
0.143200	0.024984
0.144100	0.025110
0.145000	0.025238
0.145900	0.025366
0.146800	0.025495
0.147700	0.025626
0.148600	0.025757
0.149500	0.025889
0.150400	0.026023
0.151300	0.026157
0.152200	0.026293
0.153100	0.026429
0.154000	0.026567
0.154900	0.026705
0.155800	0.026845
0.156700	0.026986
0.157600	0.027128
0.158500	0.027271
0.159400	0.027415
0.160300	0.027560
0.161200	0.027707
0.162100	0.027854
0.163000	0.028003
0.163900	0.028153
0.164800	0.028305
0.165700	0.028457
0.166600	0.028611
0.167500	0.028766
0.168400	0.028922
0.169300	0.029079
0.170200	0.029238
0.171100	0.029398
0.172000	0.029560
0.172900	0.029722
0.173800	0.029886
0.174700	0.030052
0.175600	0.030219
0.176500	0.030387
0.177400	0.030557
0.178300	0.030728
0.179200	0.030900
0.180100	0.031074
0.181000	0.031249
0.181900	0.031426
0.182800	0.031605
0.183700	0.031785
0.184600	0.031966
0.185500	0.032149
0.186400	0.032334
0.187300	0.032520
0.188200	0.032708
0.189100	0.032897
0.190000	0.033088
0.190900	0.033281
0.191800	0.033476
0.192700	0.033672
0.193600	0.033870
0.194500	0.034069
0.195400	0.034271
0.196300	0.034474
0.197200	0.034679
0.198100	0.034886
0.199000	0.035094
0.199900	0.035305
0.200800	0.035517
0.201700	0.035732
0.202600	0.035948
0.203500	0.036167
0.204400	0.036387
0.205300	0.036609
0.206200	0.036834
0.207100	0.037060
0.208000	0.037289
0.208900	0.037519
0.209800	0.037752
0.210700	0.037987
0.211600	0.038224
0.212500	0.038464
0.213400	0.038705
0.214300	0.038949
0.215200	0.039195
0.216100	0.039444
0.217000	0.039695
0.217900	0.039948
0.218800	0.040204
0.219700	0.040462
0.220600	0.040723
0.221500	0.040986
0.222400	0.041252
0.223300	0.041521
0.224200	0.041792
0.225100	0.042066
0.226000	0.042342
0.226900	0.042621
0.227800	0.042903
0.228700	0.043188
0.229600	0.043475
0.230500	0.043766
0.231400	0.044059
0.232300	0.044356
0.233200	0.044655
0.234100	0.044957
0.235000	0.045263
0.235900	0.045571
0.236800	0.045883
0.237700	0.046198
0.238600	0.046516
0.239500	0.046838
0.240400	0.047162
0.241300	0.047491
0.242200	0.047822
0.243100	0.048158
0.244000	0.048496
0.244900	0.048839
0.245800	0.049184
0.246700	0.049534
0.247600	0.049887
0.248500	0.050244
0.249400	0.050605
0.250300	0.050970
0.251200	0.051339
0.252100	0.051712
0.253000	0.052089
0.253900	0.052470
0.254800	0.052855
0.255700	0.053245
0.256600	0.053638
0.257500	0.054037
0.258400	0.054439
0.259300	0.054847
0.260200	0.055258
0.261100	0.055675
0.262000	0.056096
0.262900	0.056522
0.263800	0.056952
0.264700	0.057388
0.265600	0.057829
0.266500	0.058275
0.267400	0.058726
0.268300	0.059182
0.269200	0.059644
0.270100	0.060111
0.271000	0.060583
0.271900	0.061061
0.272800	0.061545
0.273700	0.062035
0.274600	0.062530
0.275500	0.063031
0.276400	0.063539
0.277300	0.064052
0.278200	0.064572
0.279100	0.065098
0.280000	0.065631
0.280900	0.066170
0.281800	0.066716
0.282700	0.067269
0.283600	0.067828
0.284500	0.068395
0.285400	0.068968
0.286300	0.069549
0.287200	0.070137
0.288100	0.070733
0.289000	0.071336
0.289900	0.071947
0.290800	0.072566
0.291700	0.073193
0.292600	0.073829
0.293500	0.074472
0.294400	0.075124
0.295300	0.075784
0.296200	0.076454
0.297100	0.077132
0.298000	0.077819
0.298900	0.078515
0.299800	0.079221
0.300700	0.079936
0.301600	0.080661
0.302500	0.081396
0.303400	0.082141
0.304300	0.082896
0.305200	0.083662
0.306100	0.084439
0.307000	0.085226
0.307900	0.086024
0.308800	0.086834
0.309700	0.087655
0.310600	0.088487
0.311500	0.089332
0.312400	0.090189
0.313300	0.091058
0.314200	0.091940
0.315100	0.092834
0.316000	0.093742
0.316900	0.094663
0.317800	0.095598
0.318700	0.096546
0.319600	0.097509
0.320500	0.098486
0.321400	0.099478
0.322300	0.100485
0.323200	0.101508
0.324100	0.102546
0.325000	0.103600
0.325900	0.104670
0.326800	0.105757
0.327700	0.106861
0.328600	0.107982
0.329500	0.109121
0.330400	0.110279
0.331300	0.111454
0.332200	0.112649
0.333100	0.113863
0.334000	0.115096
0.334900	0.116350
0.335800	0.117624
0.336700	0.118919
0.337600	0.120236
0.338500	0.121575
0.339400	0.122936
0.340300	0.124320
0.341200	0.125728
0.342100	0.127159
0.343000	0.128615
0.343900	0.130097
0.344800	0.131603
0.345700	0.133137
0.346600	0.134697
0.347500	0.136285
0.348400	0.137901
0.349300	0.139545
0.350200	0.141220
0.351100	0.142924
0.352000	0.144660
0.352900	0.146427
0.353800	0.148227
0.354700	0.150061
0.355600	0.151928
0.356500	0.153830
0.357400	0.155769
0.358300	0.157744
0.359200	0.159757
0.360100	0.161809
0.361000	0.163900
0.361900	0.166032
0.362800	0.168206
0.363700	0.170423
0.364600	0.172683
0.365500	0.174989
0.366400	0.177342
0.367300	0.179742
0.368200	0.182191
0.369100	0.184690
0.370000	0.187241
0.370900	0.189845
0.371800	0.192504
0.372700	0.195219
0.373600	0.197991
0.374500	0.200823
0.375400	0.203716
0.376300	0.206672
0.377200	0.209693
0.378100	0.212780
0.379000	0.215935
0.379900	0.219161
0.380800	0.222460
0.381700	0.225834
0.382600	0.229284
0.383500	0.232815
0.384400	0.236427
0.385300	0.240124
0.386200	0.243907
0.387100	0.247781
0.388000	0.251748
0.388900	0.255810
0.389800	0.259971
0.390700	0.264235
0.391600	0.268603
0.392500	0.273081
0.393400	0.277671
0.394300	0.282378
0.395200	0.287204
0.396100	0.292156
0.397000	0.297236
0.397900	0.302449
0.398800	0.307800
0.399700	0.313294
0.400600	0.318936
0.401500	0.324731
0.402400	0.330685
0.403300	0.336804
0.404200	0.343094
0.405100	0.349560
0.406000	0.356211
0.406900	0.363052
0.407800	0.370092
0.408700	0.377337
0.409600	0.384797
0.410500	0.392479
0.411400	0.400392
0.412300	0.408546
0.413200	0.416950
0.414100	0.425616
0.415000	0.434553
0.415900	0.443773
0.416800	0.453288
0.417700	0.463111
0.418600	0.473256
0.419500	0.483735
0.420400	0.494565
0.421300	0.505760
0.422200	0.517338
0.423100	0.529316
0.424000	0.541712
0.424900	0.554546
0.425800	0.567839
0.426700	0.581612
0.427600	0.595890
0.428500	0.610696
0.429400	0.626057
0.430300	0.642001
0.431200	0.658558
0.432100	0.675758
0.433000	0.693637
0.433900	0.712229
0.434800	0.731572
0.435700	0.751708
0.436600	0.772679
0.437500	0.794533
0.438400	0.817319
0.439300	0.841091
0.440200	0.865904
0.441100	0.891822
0.442000	0.918908
0.442900	0.947235
0.443800	0.976878
0.444700	1.007919
0.445600	1.040446
0.446500	1.074554
0.447400	1.110347
0.448300	1.147935
0.449200	1.187440
0.450100	1.228991
0.451000	1.272730
0.451900	1.318812
0.452800	1.367404
0.453700	1.418689
0.454600	1.472866
0.455500	1.530152
0.456400	1.590786
0.457300	1.655028
0.458200	1.723165
0.459100	1.795510
0.460000	1.872411
0.460900	1.954248
0.461800	2.041443
0.462700	2.134460
0.463600	2.233816
0.464500	2.340084
0.465400	2.453898
0.466300	2.575969
0.467200	2.707085
0.468100	2.848130
0.469000	3.000093
0.469900	3.164083
0.470800	3.341345
0.471700	3.533282
0.472600	3.741477
0.473500	3.967714
0.474400	4.214016
0.475300	4.482670
0.476200	4.776272
0.477100	5.097770
0.478000	5.450512
0.478900	5.838299
0.479800	6.265449
0.480700	6.736860
0.481600	7.258069
0.482500	7.835320
0.483400	8.475607
0.484300	9.186698
0.485200	9.977115
0.486100	10.856038
0.487000	11.833081
0.487900	12.917896
0.488800	14.119495
0.489700	15.445188
0.490600	16.899017
0.491500	18.479529
0.492400	20.176844
0.493300	21.969072
0.494200	23.818459
0.495100	25.668082
0.496000	27.440507
0.496900	29.040223
0.497800	30.361492
0.498700	31.301985
0.499600	31.780140
0.500500	31.751610
0.501400	31.219094
0.502300	30.231730
0.503200	28.874264
0.504100	27.250226
0.505000	25.464791
0.505900	23.611741
0.506800	21.766267
0.507700	19.983043
0.508600	18.297878
0.509500	16.731137
0.510400	15.291597
0.511300	13.979968
0.512200	12.791749
0.513100	11.719373
0.514000	10.753712
0.514900	9.885093
0.515800	9.103932
0.516700	8.401116
0.517600	7.768203
0.518500	7.197510
0.519400	6.682129
0.520300	6.215897
0.521200	5.793351
0.522100	5.409661
0.523000	5.060571
0.523900	4.742329
0.524800	4.451637
0.525700	4.185589
0.526600	3.941625
0.527500	3.717488
0.528400	3.511184
0.529300	3.320952
0.530200	3.145230
0.531100	2.982636
0.532000	2.831938
0.532900	2.692043
0.533800	2.561974
0.534700	2.440858
0.535600	2.327916
0.536500	2.222446
0.537400	2.123822
0.538300	2.031476
0.539200	1.944899
0.540100	1.863630
0.541000	1.787254
0.541900	1.715392
0.542800	1.647703
0.543700	1.583876
0.544600	1.523626
0.545500	1.466697
0.546400	1.412852
0.547300	1.361876
0.548200	1.313571
0.549100	1.267758
0.550000	1.224269
0.550900	1.182952
0.551800	1.143667
0.552700	1.106284
0.553600	1.070683
0.554500	1.036756
0.555400	1.004398
0.556300	0.973517
0.557200	0.944024
0.558100	0.915839
0.559000	0.888885
0.559900	0.863094
0.560800	0.838399
0.561700	0.814740
0.562600	0.792060
0.563500	0.770306
0.564400	0.749430
0.565300	0.729384
0.566200	0.710126
0.567100	0.691616
0.568000	0.673814
0.568900	0.656687
0.569800	0.640200
0.570700	0.624322
0.571600	0.609024
0.572500	0.594278
0.573400	0.580057
0.574300	0.566338
0.575200	0.553098
0.576100	0.540313
0.577000	0.527965
0.577900	0.516032
0.578800	0.504498
0.579700	0.493344
0.580600	0.482554
0.581500	0.472112
0.582400	0.462004
0.583300	0.452216
0.584200	0.442734
0.585100	0.433546
0.586000	0.424640
0.586900	0.416004
0.587800	0.407628
0.588700	0.399501
0.589600	0.391614
0.590500	0.383957
0.591400	0.376522
0.592300	0.369299
0.593200	0.362282
0.594100	0.355462
0.595000	0.348833
0.595900	0.342386
0.596800	0.336116
0.597700	0.330016
0.598600	0.324080
0.599500	0.318302
0.600400	0.312677
0.601300	0.307199
0.602200	0.301863
0.603100	0.296665
0.604000	0.291599
0.604900	0.286662
0.605800	0.281849
0.606700	0.277155
0.607600	0.272578
0.608500	0.268113
0.609400	0.263756
0.610300	0.259504
0.611200	0.255354
0.612100	0.251302
0.613000	0.247346
0.613900	0.243483
0.614800	0.239709
0.615700	0.236021
0.616600	0.232418
0.617500	0.228897
0.618400	0.225455
0.619300	0.222090
0.620200	0.218799
0.621100	0.215581
0.622000	0.212433
0.622900	0.209354
0.623800	0.206340
0.624700	0.203392
0.625600	0.200506
0.626500	0.197680
0.627400	0.194914
0.628300	0.192206
0.629200	0.189553
0.630100	0.186955
0.631000	0.184410
0.631900	0.181916
0.632800	0.179473
0.633700	0.177078
0.634600	0.174731
0.635500	0.172430
0.636400	0.170174
0.637300	0.167962
0.638200	0.165793
0.639100	0.163665
0.640000	0.161579
0.640900	0.159531
0.641800	0.157523
0.642700	0.155552
0.643600	0.153617
0.644500	0.151719
0.645400	0.149855
0.646300	0.148026
0.647200	0.146229
0.648100	0.144466
0.649000	0.142733
0.649900	0.141032
0.650800	0.139361
0.651700	0.137720
0.652600	0.136107
0.653500	0.134522
0.654400	0.132965
0.655300	0.131435
0.656200	0.129931
0.657100	0.128452
0.658000	0.126999
0.658900	0.125570
0.659800	0.124165
0.660700	0.122783
0.661600	0.121425
0.662500	0.120089
0.663400	0.118774
0.664300	0.117481
0.665200	0.116209
0.666100	0.114958
0.667000	0.113727
0.667900	0.112515
0.668800	0.111323
0.669700	0.110149
0.670600	0.108994
0.671500	0.107857
0.672400	0.106737
0.673300	0.105635
0.674200	0.104550
0.675100	0.103482
0.676000	0.102429
0.676900	0.101393
0.677800	0.100373
0.678700	0.099367
0.679600	0.098377
0.680500	0.097401
0.681400	0.096440
0.682300	0.095493
0.683200	0.094560
0.684100	0.093640
0.685000	0.092734
0.685900	0.091841
0.686800	0.090961
0.687700	0.090093
0.688600	0.089238
0.689500	0.088394
0.690400	0.087563
0.691300	0.086743
0.692200	0.085935
0.693100	0.085138
0.694000	0.084352
0.694900	0.083577
0.695800	0.082812
0.696700	0.082058
0.697600	0.081314
0.698500	0.080580
0.699400	0.079856
0.700300	0.079142
0.701200	0.078437
0.702100	0.077742
0.703000	0.077056
0.703900	0.076379
0.704800	0.075710
0.705700	0.075051
0.706600	0.074400
0.707500	0.073758
0.708400	0.073123
0.709300	0.072497
0.710200	0.071879
0.711100	0.071269
0.712000	0.070666
0.712900	0.070072
0.713800	0.069484
0.714700	0.068904
0.715600	0.068331
0.716500	0.067766
0.717400	0.067207
0.718300	0.066655
0.719200	0.066110
0.720100	0.065571
0.721000	0.065040
0.721900	0.064514
0.722800	0.063995
0.723700	0.063482
0.724600	0.062975
0.725500	0.062475
0.726400	0.061980
0.727300	0.061491
0.728200	0.061008
0.729100	0.060530
0.730000	0.060058
0.730900	0.059592
0.731800	0.059131
0.732700	0.058675
0.733600	0.058225
0.734500	0.057780
0.735400	0.057340
0.736300	0.056904
0.737200	0.056474
0.738100	0.056049
0.739000	0.055628
0.739900	0.055212
0.740800	0.054801
0.741700	0.054394
0.742600	0.053992
0.743500	0.053595
0.744400	0.053201
0.745300	0.052812
0.746200	0.052427
0.747100	0.052047
0.748000	0.051670
0.748900	0.051298
0.749800	0.050930
0.750700	0.050565
0.751600	0.050205
0.752500	0.049848
0.753400	0.049495
0.754300	0.049146
0.755200	0.048800
0.756100	0.048458
0.757000	0.048120
0.757900	0.047785
0.758800	0.047454
0.759700	0.047126
0.760600	0.046802
0.761500	0.046481
0.762400	0.046163
0.763300	0.045848
0.764200	0.045537
0.765100	0.045229
0.766000	0.044923
0.766900	0.044621
0.767800	0.044322
0.768700	0.044026
0.769600	0.043733
0.770500	0.043443
0.771400	0.043156
0.772300	0.042872
0.773200	0.042590
0.774100	0.042311
0.775000	0.042035
0.775900	0.041762
0.776800	0.041491
0.777700	0.041223
0.778600	0.040957
0.779500	0.040694
0.780400	0.040434
0.781300	0.040176
0.782200	0.039920
0.783100	0.039667
0.784000	0.039416
0.784900	0.039168
0.785800	0.038922
0.786700	0.038678
0.787600	0.038437
0.788500	0.038198
0.789400	0.037961
0.790300	0.037726
0.791200	0.037493
0.792100	0.037263
0.793000	0.037035
0.793900	0.036809
0.794800	0.036584
0.795700	0.036362
0.796600	0.036142
0.797500	0.035924
0.798400	0.035708
0.799300	0.035494
0.800200	0.035282
0.801100	0.035071
0.802000	0.034863
0.802900	0.034656
0.803800	0.034451
0.804700	0.034248
0.805600	0.034047
0.806500	0.033848
0.807400	0.033650
0.808300	0.033454
0.809200	0.033260
0.810100	0.033067
0.811000	0.032876
0.811900	0.032687
0.812800	0.032499
0.813700	0.032313
0.814600	0.032129
0.815500	0.031946
0.816400	0.031765
0.817300	0.031585
0.818200	0.031407
0.819100	0.031230
0.820000	0.031055
0.820900	0.030881
0.821800	0.030709
0.822700	0.030538
0.823600	0.030368
0.824500	0.030200
0.825400	0.030033
0.826300	0.029868
0.827200	0.029704
0.828100	0.029542
0.829000	0.029380
0.829900	0.029220
0.830800	0.029062
0.831700	0.028904
0.832600	0.028748
0.833500	0.028594
0.834400	0.028440
0.835300	0.028288
0.836200	0.028137
0.837100	0.027987
0.838000	0.027838
0.838900	0.027690
0.839800	0.027544
0.840700	0.027399
0.841600	0.027255
0.842500	0.027112
0.843400	0.026970
0.844300	0.026829
0.845200	0.026690
0.846100	0.026551
0.847000	0.026414
0.847900	0.026277
0.848800	0.026142
0.849700	0.026008
0.850600	0.025875
0.851500	0.025742
0.852400	0.025611
0.853300	0.025481
0.854200	0.025352
0.855100	0.025223
0.856000	0.025096
0.856900	0.024970
0.857800	0.024845
0.858700	0.024720
0.859600	0.024597
0.860500	0.024474
0.861400	0.024352
0.862300	0.024232
0.863200	0.024112
0.864100	0.023993
0.865000	0.023875
0.865900	0.023758
0.866800	0.023641
0.867700	0.023526
0.868600	0.023411
0.869500	0.023297
0.870400	0.023184
0.871300	0.023072
0.872200	0.022961
0.873100	0.022850
0.874000	0.022740
0.874900	0.022631
0.875800	0.022523
0.876700	0.022416
0.877600	0.022309
0.878500	0.022203
0.879400	0.022098
0.880300	0.021994
0.881200	0.021890
0.882100	0.021787
0.883000	0.021685
0.883900	0.021583
0.884800	0.021483
0.885700	0.021383
0.886600	0.021283
0.887500	0.021184
0.888400	0.021086
0.889300	0.020989
0.890200	0.020893
0.891100	0.020797
0.892000	0.020701
0.892900	0.020607
0.893800	0.020513
0.894700	0.020419
0.895600	0.020326
0.896500	0.020234
0.897400	0.020143
0.898300	0.020052
0.899200	0.019962
0.900100	0.019872
0.901000	0.019783
0.901900	0.019695
0.902800	0.019607
0.903700	0.019519
0.904600	0.019433
0.905500	0.019347
0.906400	0.019261
0.907300	0.019176
0.908200	0.019092
0.909100	0.019008
0.910000	0.018924
0.910900	0.018842
0.911800	0.018760
0.912700	0.018678
0.913600	0.018597
0.914500	0.018516
0.915400	0.018436
0.916300	0.018356
0.917200	0.018277
0.918100	0.018199
0.919000	0.018121
0.919900	0.018043
0.920800	0.017966
0.921700	0.017890
0.922600	0.017813
0.923500	0.017738
0.924400	0.017663
0.925300	0.017588
0.926200	0.017514
0.927100	0.017440
0.928000	0.017367
0.928900	0.017294
0.929800	0.017222
0.930700	0.017150
0.931600	0.017079
0.932500	0.017008
0.933400	0.016937
0.934300	0.016867
0.935200	0.016797
0.936100	0.016728
0.937000	0.016659
0.937900	0.016591
0.938800	0.016523
0.939700	0.016456
0.940600	0.016388
0.941500	0.016322
0.942400	0.016255
0.943300	0.016190
0.944200	0.016124
0.945100	0.016059
0.946000	0.015994
0.946900	0.015930
0.947800	0.015866
0.948700	0.015802
0.949600	0.015739
0.950500	0.015676
0.951400	0.015614
0.952300	0.015552
0.953200	0.015490
0.954100	0.015429
0.955000	0.015368
0.955900	0.015307
0.956800	0.015247
0.957700	0.015187
0.958600	0.015128
0.959500	0.015069
0.960400	0.015010
0.961300	0.014951
0.962200	0.014893
0.963100	0.014835
0.964000	0.014778
0.964900	0.014721
0.965800	0.014664
0.966700	0.014607
0.967600	0.014551
0.968500	0.014495
0.969400	0.014440
0.970300	0.014385
0.971200	0.014330
0.972100	0.014275
0.973000	0.014221
0.973900	0.014167
0.974800	0.014114
0.975700	0.014060
0.976600	0.014007
0.977500	0.013954
0.978400	0.013902
0.979300	0.013850
0.980200	0.013798
0.981100	0.013746
0.982000	0.013695
0.982900	0.013644
0.983800	0.013594
0.984700	0.013543
0.985600	0.013493
0.986500	0.013443
0.987400	0.013394
0.988300	0.013344
0.989200	0.013295
0.990100	0.013246
0.991000	0.013198
0.991900	0.013150
0.992800	0.013102
0.993700	0.013054
0.994600	0.013007
0.995500	0.012959
0.996400	0.012913
0.997300	0.012866
0.998200	0.012819
0.999100	0.012773
